32,35
32,36
32,37
32,38
32,39
32,40
33,36
33,37
33,38
33,39
33,40
33,41
34,38
34,39
34,40
34,41
35,39
35,40
35,41
35,42
35,43
36,39
36,40
36,41
36,42
36,43
36,44
36,45
37,41
37,42
37,43
37,44
37,45
37,46
38,44
38,45
38,46
38,47
38,48
39,45
39,46
39,47
39,48
39,49
40,46
40,47
40,48
40,49
40,50
41,48
41,49
41,50
41,51
42,48
42,49
42,50
42,51
43,49
43,50
43,51
43,52
44,50
44,51
44,52
44,53
45,51
45,52
45,53
45,54
46,52
46,53
46,54
46,55
47,53
47,54
47,55
47,56
48,54
48,55
48,56
48,57
49,54
49,55
49,56
49,57
50,55
50,56
50,57
50,58
51,55
51,56
51,57
51,58
51,59
52,56
52,57
52,58
52,59
52,60
53,57
53,58
53,59
53,60
54,58
54,59
54,60
55,58
55,59
55,60
55,61
56,59
56,60
56,61
56,62
57,60
57,61
57,62
57,63
57,64
58,61
58,62
58,63
58,64
59,62
59,63
59,64
60,62
60,63
60,64
61,62
61,63
61,64
61,65
62,63
62,64
62,65
62,66
63,64
63,65
63,66
64,64
64,65
64,66
65,64
65,65
65,66
66,64
66,65
66,66
67,64
67,65
67,66
68,64
68,65
68,66
69,64
69,65
69,66
70,61
70,62
70,63
70,64
70,65
70,66
71,61
71,62
71,63
71,64
71,65
71,66
72,46
72,47
72,48
72,49
72,50
72,51
72,52
72,53
72,56
72,57
72,58
72,59
72,60
72,61
72,62
72,63
72,64
73,34
73,35
73,36
73,39
73,40
73,41
73,42
73,43
73,44
73,45
73,46
73,47
73,48
73,49
73,50
73,51
73,52
73,53
73,54
73,55
73,56
73,57
73,58
73,59
73,60
73,61
73,62
73,63
74,29
74,30
74,31
74,32
74,33
74,34
74,35
74,36
74,37
74,38
74,39
74,40
74,41
74,42
74,43
74,44
74,45
74,46
74,47
74,48
74,49
74,50
74,51
74,52
74,53
74,54
74,55
74,56
74,57
74,58
74,59
75,24
75,25
75,26
75,27
75,28
75,29
75,30
75,31
75,32
75,33
75,34
75,35
75,36
75,37
75,38
75,39
75,40
75,41
75,42
75,45
75,46
76,23
76,24
76,25
76,26
76,27
76,28
76,29
76,30
76,31
76,32
76,33
76,34
77,22
77,23
77,24
77,25
77,26
77,27
77,28
77,29
77,30
78,22
78,23
78,24
78,25
78,26
79,22
79,23
79,24
79,25
79,26
80,23
80,24
80,25
80,26
80,27
81,24
81,25
81,26
81,27
82,25
82,26
82,27
83,25
83,26
83,27
83,28
84,25
84,26
84,27
84,28
84,29
84,30
85,26
85,27
85,28
85,29
85,30
85,31
85,32
86,28
86,29
86,30
86,31
86,32
86,33
87,30
87,31
87,32
87,33
88,31
88,32
88,33
88,34
88,35
89,32
89,33
89,34
89,35
89,36
90,33
90,34
90,35
90,36
91,34
91,35
91,36
92,34
92,35
92,36
93,34
93,35
93,36
94,34
94,35
94,36
94,37
95,34
95,35
95,36
95,37
95,38
96,35
96,36
96,37
96,38
97,36
97,37
97,38
97,39
97,40
98,36
98,37
98,38
98,39
98,40
98,41
98,42
99,38
99,39
99,40
99,41
99,42
99,43
100,40
100,41
100,42
100,43
100,44
100,45
101,41
101,42
101,43
101,44
101,45
101,46
102,43
102,44
102,45
102,46
102,47
102,48
103,45
103,46
103,47
103,48
103,49
104,46
104,47
104,48
104,49
104,50
105,47
105,48
105,49
105,50
105,51
106,48
106,49
106,50
106,51
106,52
107,49
107,50
107,51
107,52
107,53
108,50
108,51
108,52
108,53
108,54
109,51
109,52
109,53
109,54
109,55
110,52
110,53
110,54
110,55
111,53
111,54
111,55
111,56
112,53
112,54
112,55
112,56
113,53
113,54
113,55
113,56
114,54
114,55
114,56
114,57
115,54
115,55
115,56
115,57
116,55
116,56
116,57
116,58
117,55
117,56
117,57
117,58
118,55
118,56
118,57
118,58
118,59
119,56
119,57
119,58
119,59
119,60
120,57
120,58
120,59
120,60
120,61
121,58
121,59
121,60
121,61
121,62
122,59
122,60
122,61
122,62
123,60
123,61
123,62
123,63
124,60
124,61
124,62
124,63
124,64
125,61
125,62
125,63
125,64
126,62
126,63
126,64
126,65
127,62
127,63
127,64
127,65
127,66
128,63
128,64
128,65
128,66
129,63
129,64
129,65
129,66
130,63
130,64
130,65
130,66
130,67
131,64
131,65
131,66
131,67
132,65
132,66
132,67
133,65
133,66
133,67
133,68
134,65
134,66
134,67
134,68
135,65
135,66
135,67
135,68
136,63
136,64
136,65
136,66
136,67
136,68
137,63
137,64
137,65
137,66
137,67
137,68
138,46
138,47
138,48
138,49
138,52
138,53
138,54
138,55
138,56
138,57
138,58
138,59
138,60
138,61
138,62
138,63
138,64
138,65
138,66
139,38
139,39
139,40
139,41
139,42
139,43
139,44
139,45
139,46
139,47
139,48
139,49
139,50
139,51
139,52
139,53
139,54
139,55
139,56
139,57
139,58
139,59
139,60
139,61
139,62
139,63
139,64
139,65
140,25
140,26
140,27
140,28
140,30
140,31
140,32
140,33
140,34
140,35
140,36
140,37
140,38
140,39
140,40
140,41
140,42
140,43
140,44
140,45
140,46
140,47
140,48
140,49
140,50
140,51
140,52
140,53
140,54
140,55
140,56
140,57
140,58
140,59
140,60
140,61
140,62
140,63
140,64
141,19
141,20
141,21
141,22
141,23
141,24
141,25
141,26
141,27
141,28
141,29
141,30
141,31
141,32
141,33
141,34
141,35
141,36
141,37
141,38
141,39
141,40
141,41
141,42
141,43
141,44
141,45
141,46
141,47
141,48
141,52
141,53
142,15
142,16
142,17
142,18
142,19
142,20
142,21
142,22
142,23
142,24
142,25
142,26
142,27
142,28
142,29
142,30
142,31
142,32
142,33
142,34
142,35
142,36
142,37
142,38
142,39
142,40
143,15
143,16
143,17
143,18
143,19
143,20
143,21
143,22
143,23
143,24
143,25
143,26
143,27
143,29
143,30
143,31
143,32
144,15
144,16
144,17
144,18
144,19
144,20
144,21
145,15
145,16
145,17
145,18
146,15
146,16
146,17
146,18
146,19
147,15
147,16
147,17
147,18
147,19
148,16
148,17
148,18
148,19
149,17
149,18
149,19
149,20
150,17
150,18
150,19
150,20
150,21
151,17
151,18
151,19
151,20
151,21
151,22
152,18
152,19
152,20
152,21
152,22
152,23
153,20
153,21
153,22
153,23
153,24
154,20
154,21
154,22
154,23
154,24
154,25
155,21
155,22
155,23
155,24
155,25
155,26
156,22
156,23
156,24
156,25
156,26
157,23
157,24
157,25
157,26
157,27
158,24
158,25
158,26
158,27
159,24
159,25
159,26
159,27
159,28
159,29
160,25
160,26
160,27
160,28
160,29
160,30
161,26
161,27
161,28
161,29
161,30
161,31
162,28
162,29
162,30
162,31
162,32
163,28
163,29
163,30
163,31
163,32
163,33
164,29
164,30
164,31
164,32
164,33
164,34
164,35
165,31
165,32
165,33
165,34
165,35
165,36
166,32
166,33
166,34
166,35
166,36
166,37
166,38
167,33
167,34
167,35
167,36
167,37
167,38
167,39
168,35
168,36
168,37
168,38
168,39
168,40
169,36
169,37
169,38
169,39
169,40
169,41
169,42
169,43
170,37
170,38
170,39
170,40
170,41
170,42
170,43
170,44
171,39
171,40
171,41
171,42
171,43
171,44
172,41
172,42
172,43
172,44
172,45
173,42
173,43
173,44
173,45
173,46
173,47
174,43
174,44
174,45
174,46
174,47
174,48
175,44
175,45
175,46
175,47
175,48
176,45
176,46
176,47
176,48
176,49
177,46
177,47
177,48
177,49
177,50
178,47
178,48
178,49
178,50
178,51
179,47
179,48
179,49
179,50
179,51
180,48
180,49
180,50
180,51
180,52
181,49
181,50
181,51
181,52
182,49
182,50
182,51
182,52
182,53
183,50
183,51
183,52
183,53
183,54
183,55
184,51
184,52
184,53
184,54
184,55
184,56
185,52
185,53
185,54
185,55
185,56
186,53
186,54
186,55
186,56
186,57
187,53
187,54
187,55
187,56
187,57
187,58
188,54
188,55
188,56
188,57
188,58
188,59
189,56
189,57
189,58
189,59
190,56
190,57
190,58
190,59
190,60
190,61
191,57
191,58
191,59
191,60
191,61
191,62
192,58
192,59
192,60
192,61
192,62
193,59
193,60
193,61
193,62
193,63
194,60
194,61
194,62
194,63
195,60
195,61
195,62
195,63
195,64
196,61
196,62
196,63
196,64
197,61
197,62
197,63
197,64
197,65
198,62
198,63
198,64
198,65
199,62
199,63
199,64
199,65
200,62
200,63
200,64
200,65
200,66
201,61
201,62
201,63
201,64
201,65
201,66
202,57
202,58
202,59
202,60
202,61
202,62
202,63
202,64
202,65
203,52
203,53
203,54
203,55
203,56
203,57
203,58
203,59
203,60
203,61
203,62
203,63
203,64
203,65
204,41
204,42
204,43
204,45
204,46
204,47
204,48
204,49
204,50
204,51
204,52
204,53
204,54
204,55
204,56
204,57
204,58
204,59
204,60
204,61
204,62
204,63
205,34
205,35
205,36
205,37
205,38
205,39
205,40
205,41
205,42
205,43
205,44
205,45
205,46
205,47
205,48
205,49
205,50
205,51
205,52
205,53
205,54
205,55
205,56
205,57
205,58
205,59
205,60
206,27
206,28
206,29
206,30
206,31
206,32
206,33
206,34
206,35
206,36
206,37
206,38
206,39
206,40
206,41
206,42
206,43
206,44
206,45
206,46
206,47
206,48
206,49
206,50
206,51
206,52
206,53
206,54
207,21
207,22
207,23
207,24
207,25
207,26
207,27
207,28
207,29
207,30
207,31
207,32
207,33
207,34
207,35
207,36
207,37
207,38
207,39
207,40
207,41
207,42
207,43
207,44
207,45
207,46
207,47
208,21
208,22
208,23
208,24
208,25
208,26
208,27
208,28
208,29
208,30
208,31
208,32
208,33
208,34
208,35
208,36
208,39
208,40
209,20
209,21
209,22
209,23
210,20
210,21
239,27
240,26
240,27
240,28
241,26
241,27
241,28
241,29
242,27
242,28
242,29
242,30
242,31
243,27
243,28
243,29
243,30
243,31
243,32
244,28
244,29
244,30
244,31
244,32
244,33
245,29
245,30
245,31
245,32
245,33
245,34
245,35
246,30
246,31
246,32
246,33
246,34
246,35
246,36
247,32
247,33
247,34
247,35
247,36
247,37
247,38
248,33
248,34
248,35
248,36
248,37
248,38
248,39
249,34
249,35
249,36
249,37
249,38
249,39
249,40
250,36
250,37
250,38
250,39
250,40
250,41
250,42
251,37
251,38
251,39
251,40
251,41
251,42
251,43
251,44
252,39
252,40
252,41
252,42
252,43
252,44
252,45
253,40
253,41
253,42
253,43
253,44
253,45
253,46
254,42
254,43
254,44
254,45
254,46
254,47
255,43
255,44
255,45
255,46
255,47
255,48
256,44
256,45
256,46
256,47
256,48
257,45
257,46
257,47
257,48
257,49
258,46
258,47
258,48
258,49
258,50
259,46
259,47
259,48
259,49
259,50
260,47
260,48
260,49
260,50
260,51
261,48
261,49
261,50
261,51
262,48
262,49
262,50
262,51
262,52
263,48
263,49
263,50
263,51
263,52
263,53
264,49
264,50
264,51
264,52
264,53
264,54
265,50
265,51
265,52
265,53
265,54
265,55
266,51
266,52
266,53
266,54
266,55
267,52
267,53
267,54
267,55
267,56
268,52
268,53
268,54
268,55
268,56
268,57
268,58
269,53
269,54
269,55
269,56
269,57
269,58
270,54
270,55
270,56
270,57
270,58
270,59
271,56
271,57
271,58
271,59
271,60
272,56
272,57
272,58
272,59
272,60
273,57
273,58
273,59
273,60
273,61
274,58
274,59
274,60
274,61
275,58
275,59
275,60
275,61
275,62
276,59
276,60
276,61
276,62
277,59
277,60
277,61
277,62
277,63
278,60
278,61
278,62
278,63
279,60
279,61
279,62
279,63
280,60
280,61
280,62
280,63
280,64
281,60
281,61
281,62
281,63
281,64
282,56
282,57
282,58
282,59
282,60
282,61
282,62
282,63
282,64
283,50
283,51
283,52
283,53
283,54
283,55
283,56
283,57
283,58
283,59
283,60
283,61
283,62
283,63
283,64
284,43
284,44
284,45
284,46
284,47
284,48
284,49
284,50
284,51
284,52
284,53
284,54
284,55
284,56
284,57
284,58
284,59
284,60
284,61
284,62
284,63
285,29
285,30
285,31
285,32
285,33
285,34
285,35
285,36
285,37
285,38
285,39
285,40
285,41
285,42
285,43
285,44
285,45
285,46
285,47
285,48
285,49
285,50
285,51
285,52
285,53
285,54
285,55
285,56
285,57
285,58
285,59
285,60
285,61
286,29
286,30
286,31
286,32
286,33
286,34
286,35
286,36
286,37
286,38
286,39
286,40
286,41
286,42
286,43
286,44
286,45
286,46
286,47
286,48
286,49
286,50
286,51
286,52
286,53
286,54
286,55
286,56
286,57
287,24
287,25
287,26
287,27
287,28
287,29
287,30
287,31
287,32
287,33
287,34
287,35
287,36
287,37
287,38
287,39
287,40
287,41
287,42
287,43
287,44
287,45
287,46
287,47
287,48
287,49
287,50
287,51
288,19
288,20
288,21
288,22
288,23
288,24
288,25
288,26
288,27
288,28
288,29
288,30
288,31
288,32
288,33
288,34
288,35
288,36
288,37
288,38
288,39
288,40
288,41
288,42
288,43
288,44
289,18
289,19
289,20
289,21
289,22
289,23
289,24
289,25
289,26
289,27
289,28
289,29
289,30
289,31
290,17
290,18
290,19
290,20
290,21
290,22
290,23
290,24
290,25
290,26
290,27
290,28
290,29
290,30
290,31
291,17
291,18
291,19
291,20
291,21
291,22
291,23
291,24
291,25
292,17
292,18
292,19
292,20
292,21
293,17
293,18
293,19
293,20
293,21
293,22
294,18
294,19
294,20
294,21
294,22
294,23
295,19
295,20
295,21
295,22
295,23
296,20
296,21
296,22
296,23
297,20
297,21
297,22
297,23
297,24
298,20
298,21
298,22
298,23
298,24
298,25
298,26
299,21
299,22
299,23
299,24
299,25
299,26
300,22
300,23
300,24
300,25
300,26
300,27
301,23
301,24
301,25
301,26
301,27
301,28
302,24
302,25
302,26
302,27
302,28
303,25
303,26
303,27
303,28
303,29
304,25
304,26
304,27
304,28
304,29
304,30
305,26
305,27
305,28
305,29
305,30
305,31
306,27
306,28
306,29
306,30
306,31
306,32
307,28
307,29
307,30
307,31
307,32
307,33
308,29
308,30
308,31
308,32
308,33
308,34
309,30
309,31
309,32
309,33
309,34
309,35
309,36
310,31
310,32
310,33
310,34
310,35
310,36
310,37
310,38
311,32
311,33
311,34
311,35
311,36
311,37
311,38
311,39
312,33
312,34
312,35
312,36
312,37
312,38
312,39
312,40
313,35
313,36
313,37
313,38
313,39
313,40
313,41
313,42
314,37
314,38
314,39
314,40
314,41
314,42
314,43
314,44
315,38
315,39
315,40
315,41
315,42
315,43
315,44
315,45
316,39
316,40
316,41
316,42
316,43
316,44
316,45
316,46
317,42
317,43
317,44
317,45
317,46
317,47
318,43
318,44
318,45
318,46
318,47
318,48
319,43
319,44
319,45
319,46
319,47
319,48
319,49
320,45
320,46
320,47
320,48
320,49
321,46
321,47
321,48
321,49
321,50
322,47
322,48
322,49
322,50
322,51
323,47
323,48
323,49
323,50
323,51
324,48
324,49
324,50
324,51
324,52
325,48
325,49
325,50
325,51
325,52
326,49
326,50
326,51
326,52
326,53
327,49
327,50
327,51
327,52
327,53
327,54
328,50
328,51
328,52
328,53
328,54
328,55
329,51
329,52
329,53
329,54
329,55
329,56
330,52
330,53
330,54
330,55
330,56
330,57
331,52
331,53
331,54
331,55
331,56
331,57
331,58
332,53
332,54
332,55
332,56
332,57
332,58
333,55
333,56
333,57
333,58
333,59
334,55
334,56
334,57
334,58
334,59
334,60
335,56
335,57
335,58
335,59
335,60
335,61
336,57
336,58
336,59
336,60
336,61
337,58
337,59
337,60
337,61
337,62
338,58
338,59
338,60
338,61
338,62
339,59
339,60
339,61
339,62
339,63
340,60
340,61
340,62
340,63
340,64
341,60
341,61
341,62
341,63
341,64
342,61
342,62
342,63
342,64
343,61
343,62
343,63
343,64
343,65
344,61
344,62
344,63
344,64
344,65
345,62
345,63
345,64
345,65
346,60
346,61
346,62
346,63
346,64
346,65
347,58
347,59
347,60
347,61
347,62
347,63
347,64
347,65
348,48
348,49
348,50
348,51
348,52
348,53
348,54
348,55
348,56
348,57
348,58
348,59
348,60
348,61
348,62
348,63
348,64
349,47
349,48
349,49
349,50
349,51
349,52
349,53
349,54
349,55
349,56
349,57
349,58
349,59
349,60
349,61
349,62
349,63
349,64
350,40
350,41
350,42
350,43
350,44
350,45
350,46
350,47
350,48
350,49
350,50
350,51
350,52
350,53
350,54
350,55
350,56
350,57
350,58
350,59
350,60
350,61
350,62
350,63
351,28
351,29
351,30
351,31
351,32
351,33
351,34
351,35
351,36
351,37
351,38
351,39
351,40
351,41
351,42
351,43
351,44
351,45
351,46
351,47
351,48
351,49
351,50
351,51
351,52
351,53
351,54
351,55
351,56
351,57
351,58
351,59
351,60
352,23
352,24
352,25
352,26
352,27
352,28
352,29
352,30
352,31
352,32
352,33
352,34
352,35
352,36
352,37
352,38
352,39
352,40
352,41
352,42
352,43
352,44
352,45
352,46
352,47
352,48
352,49
352,50
353,19
353,20
353,21
353,22
353,23
353,24
353,25
353,26
353,27
353,28
353,29
353,30
353,31
353,32
353,33
353,34
353,35
353,36
353,37
353,38
353,39
353,40
353,41
353,42
353,43
353,44
353,45
353,46
353,47
353,48
353,49
354,18
354,19
354,20
354,21
354,22
354,23
354,24
354,25
354,26
354,27
354,28
354,29
354,30
354,31
354,32
354,33
354,34
354,35
354,36
354,37
354,38
354,39
354,40
354,41
354,42
355,17
355,18
355,19
355,20
355,21
355,22
355,23
355,24
355,25
355,26
355,27
355,28
355,29
355,30
356,17
356,18
356,19
356,20
356,21
356,22
356,23
356,24
356,25
357,17
357,18
357,19
357,20
357,21
358,17
358,18
358,19
358,20
358,21
358,22
359,17
359,18
359,19
359,20
359,21
359,22
360,18
360,19
360,20
360,21
360,22
360,23
361,20
361,21
361,22
361,23
361,24
362,20
362,21
362,22
362,23
362,24
362,25
362,26
363,21
363,22
363,23
363,24
363,25
363,26
363,27
364,22
364,23
364,24
364,25
364,26
364,27
365,24
365,25
365,26
365,27
365,28
366,24
366,25
366,26
366,27
366,28
367,25
367,26
367,27
367,28
367,29
368,25
368,26
368,27
368,28
368,29
369,26
369,27
369,28
369,29
369,30
370,26
370,27
370,28
370,29
370,30
370,31
371,27
371,28
371,29
371,30
371,31
371,32
372,27
372,28
372,29
372,30
372,31
372,32
372,33
373,28
373,29
373,30
373,31
373,32
373,33
373,34
373,35
374,29
374,30
374,31
374,32
374,33
374,34
374,35
374,36
375,30
375,31
375,32
375,33
375,34
375,35
375,36
375,37
375,38
376,32
376,33
376,34
376,35
376,36
376,37
376,38
376,39
376,40
377,34
377,35
377,36
377,37
377,38
377,39
377,40
377,41
377,42
378,35
378,36
378,37
378,38
378,39
378,40
378,41
378,42
378,43
379,36
379,37
379,38
379,39
379,40
379,41
379,42
379,43
379,44
380,39
380,40
380,41
380,42
380,43
380,44
380,45
381,41
381,42
381,43
381,44
381,45
381,46
382,42
382,43
382,44
382,45
382,46
382,47
383,43
383,44
383,45
383,46
383,47
383,48
384,44
384,45
384,46
384,47
384,48
384,49
385,45
385,46
385,47
385,48
385,49
386,46
386,47
386,48
386,49
386,50
387,46
387,47
387,48
387,49
387,50
387,51
388,47
388,48
388,49
388,50
388,51
389,48
389,49
389,50
389,51
389,52
390,48
390,49
390,50
390,51
390,52
390,53
391,49
391,50
391,51
391,52
391,53
391,54
392,50
392,51
392,52
392,53
392,54
393,51
393,52
393,53
393,54
393,55
394,51
394,52
394,53
394,54
394,55
394,56
395,52
395,53
395,54
395,55
395,56
395,57
396,53
396,54
396,55
396,56
396,57
396,58
397,54
397,55
397,56
397,57
397,58
398,55
398,56
398,57
398,58
398,59
399,55
399,56
399,57
399,58
399,59
399,60
400,56
400,57
400,58
400,59
400,60
401,57
401,58
401,59
401,60
401,61
402,57
402,58
402,59
402,60
402,61
402,62
403,58
403,59
403,60
403,61
403,62
404,59
404,60
404,61
404,62
405,59
405,60
405,61
405,62
405,63
406,59
406,60
406,61
406,62
406,63
407,58
407,59
407,60
407,61
407,62
407,63
408,57
408,58
408,59
408,60
408,61
408,62
408,63
409,55
409,56
409,57
409,58
409,59
409,60
409,61
409,62
409,63
410,46
410,47
410,48
410,49
410,50
410,51
410,52
410,53
410,54
410,55
410,56
410,57
410,58
410,59
410,60
410,61
410,62
411,40
411,41
411,42
411,43
411,44
411,45
411,46
411,47
411,48
411,49
411,50
411,51
411,52
411,53
411,54
411,55
411,56
411,57
411,58
411,59
411,60
411,61
412,39
412,40
412,41
412,42
412,43
412,44
412,45
412,46
412,47
412,48
412,49
412,50
412,51
412,52
412,53
412,54
412,55
412,56
412,57
412,58
412,59
412,60
413,28
413,29
413,30
413,31
413,32
413,33
413,34
413,35
413,36
413,37
413,38
413,39
413,40
413,41
413,42
413,43
413,44
413,45
413,46
413,47
413,48
413,49
413,50
413,51
413,52
413,53
413,54
413,55
413,56
413,57
414,24
414,25
414,26
414,27
414,28
414,29
414,30
414,31
414,32
414,33
414,34
414,35
414,36
414,37
414,38
414,39
414,40
414,41
414,42
414,43
414,44
414,45
414,46
414,47
414,48
415,21
415,22
415,23
415,24
415,25
415,26
415,27
415,28
415,29
415,30
415,31
415,32
415,33
415,34
415,35
415,36
415,37
415,38
415,39
415,40
415,41
415,42
415,43
416,20
416,21
416,22
416,23
416,24
416,25
416,26
416,27
416,28
416,29
416,30
416,31
416,32
416,33
416,34
416,35
416,36
416,37
416,38
416,39
416,40
416,41
416,42
417,18
417,19
417,20
417,21
417,22
417,23
417,24
417,25
417,26
417,27
417,28
417,29
417,30
418,18
418,19
418,20
418,21
418,22
418,23
418,24
418,25
418,26
419,18
419,19
419,20
419,21
419,22
419,23
419,24
420,18
420,19
420,20
420,21
420,22
420,23
421,18
421,19
421,20
421,21
421,22
421,23
421,24
